*vertices 39
1 casa
2 a
3 b
4 c
5 d
6 e
7 f
8 g
9 h
10 i
11 j
12 k
13 l
14 m
15 n
16 o
17 p
18 q
19 r
20 s
21 t
22 u
23 v
24 w
25 x
26 y
27 z
28 aa
29 ab
30 ac
31 ad
32 ae
33 af
34 ag
35 ah
36 ai
37 aj
38 ufsc
39 ak
*edges
1 2 0.521
2 3 0.02
3 4 0.116
2 26 0.404
3 8 0.156
4 5 0.082
4 7 0.187
5 6 0.06
6 7 0.06
7 9 0.01
8 9 0.116
2 26 0.410
5 26 0.216
6 10 0.022
26 27 0.242
11 27 0.274
10 11 0.12
10 12 0.161
11 12 0.067
9 13 0.137
12 13 0.08
13 16 0.193
27 28 0.14
11 15 0.14
12 14 0.146
14 16 0.07
14 15 0.07
15 28 0.25
14 18 0.152
16 17 0.166
17 18 0.08
17 20 0.205
18 19 0.245
19 21 0.015
20 21 0.08
21 22 0.254
22 23 0.288
28 29 0.4
23 29 0.46
23 24 0.33
24 25 0.235
25 32 1.472
25 30 0.375
32 33 2.652
30 31 1.25
31 32 1.42
30 34 5.24
33 34 0.225
34 35 2.36
33 35 3.26
35 36 1.75
36 37 3.9
37 39 1.66
38 39 0.626
37 38 2.773
36 38 9.5